=== Run information ===

Scheme:       weka.clusterers.SimpleKMeans -init 0 -max-candidates 100 -periodic-pruning 10000 -min-density 2.0 -t1 -1.25 -t2 -1.0 -N 10 -A "weka.core.EuclideanDistance -R first-last" -I 500 -num-slots 1 -S 10
Relation:     coffee data with all data normalized
Instances:    731
Attributes:   16
              Species_n
              Variety_n
              Processing.Method_n
              Aroma_n
              Flavor_n
              Aftertaste_n
              Acidity_n
              Body_n
              Balance_n
              Uniformity_n
              Clean.Cup_n
              Sweetness_n
              Cupper.Points_n
              Moisture_n
              Color_n
              Altitude_n
Test mode:    evaluate on training data


=== Clustering model (full training set) ===


kMeans
======

Number of iterations: 4
Within cluster sum of squared errors: 46.85524907566167

Initial starting points (random):

Cluster 0: 0,0,0,0.780312,0.783416,0.77904,0.7503,0.636364,0.719114,0.667,0.267,0.6,0.631702,0,0,0
Cluster 1: 0,0.653846,1,0.90036,0.918317,0.925505,0.890756,0.899394,0.864802,1,1,1,0.864802,0.647059,1,0.291414
Cluster 2: 0,0,1,0.930372,0.949257,0.957071,0.920768,0.929697,0.893939,1,1,1,0.893939,0.764706,1,0.398012
Cluster 3: 0,0.769231,1,0.90036,0.928218,0.925505,0.90036,0.899394,0.864802,1,1,1,0.864802,0.647059,1,0.30308
Cluster 4: 0,0.961538,1,0.90036,0.928218,0.925505,0.90036,0.909091,0.874126,1,1,1,0.864802,0.647059,1,0.305562
Cluster 5: 0,0.115385,0.25,0.870348,0.887376,0.883838,0.860744,0.869091,0.825175,1,1,1,0.815851,0.411765,0.666667,0.20742
Cluster 6: 0,0.961538,1,0.909964,0.928218,0.936869,0.90036,0.909091,0.874126,1,1,1,0.874126,0.705882,1,0.326412
Cluster 7: 0,0.076923,0.25,0.840336,0.845297,0.842172,0.840336,0.848485,0.796037,0.867,0.867,0.8,0.777389,0,0,0.058096
Cluster 8: 0,0.538462,1,0.90036,0.918317,0.915404,0.890756,0.899394,0.864802,1,1,1,0.854312,0.647059,1,0.291414
Cluster 9: 0,0.230769,1,0.890756,0.907178,0.915404,0.879952,0.888485,0.854312,1,1,1,0.844988,0.647059,1,0.279748

Missing values globally replaced with mean/mode

Final cluster centroids:
                                   Cluster#
Attribute              Full Data          0          1          2          3          4          5          6          7          8          9
                         (731.0)      (5.0)      (7.0)    (141.0)     (33.0)     (67.0)     (56.0)    (124.0)    (100.0)     (47.0)    (151.0)
==============================================================================================================================================
Species_n                 0.0356          0          0     0.0355          0          0      0.375          0          0          0          0
Variety_n                 0.3759          0     0.6593          0     0.7622     0.9587     0.0721     0.9696      0.085     0.4967     0.1633
Processing.Method_n       0.8119          0          1          1          1          1      0.192          1       0.22          1     0.9387
Aroma_n                   0.8969     0.5861     0.9004     0.9294     0.9004     0.9045     0.9045     0.9145     0.8504     0.8991     0.8851
Flavor_n                  0.9164      0.625     0.9183     0.9526     0.9246     0.9282     0.9209     0.9355     0.8592     0.9183     0.9051
Aftertaste_n              0.9183     0.6232     0.9255     0.9573     0.9255     0.9279     0.9227     0.9406     0.8569      0.918     0.9063
Acidity_n                 0.8915     0.5782     0.8908     0.9256      0.898     0.9004     0.8987     0.9075     0.8455     0.8908     0.8795
Body_n                    0.8978     0.5292     0.8994     0.9326     0.8994     0.9078     0.9091     0.9127     0.8532     0.8992     0.8853
Balance_n                 0.8604     0.5517     0.8648     0.8958     0.8648     0.8719     0.8768     0.8769     0.8066     0.8628     0.8468
Uniformity_n              0.9829     0.5068          1          1          1          1          1          1     0.8998          1          1
Clean.Cup_n               0.9801     0.1334          1          1          1          1          1          1     0.8979          1          1
Sweetness_n               0.9831        0.4          1          1          1          1          1          1     0.9064          1          1
Cupper.Points_n           0.8562     0.5091     0.8648     0.8956     0.8648     0.8691     0.8689      0.878      0.791      0.855     0.8437
Moisture_n                0.5775          0     0.6471     0.7418     0.6471     0.6471      0.666     0.7059          0     0.6471     0.6167
Color_n                    0.871          0          1          1          1          1     0.7202          1     0.2767          1     0.9912
Altitude_n                0.2987          0     0.2914     0.4023     0.3003     0.3113     0.3703     0.3425     0.1305      0.288     0.2586




Time taken to build model (full training data) : 0.01 seconds

=== Model and evaluation on training set ===

Clustered Instances

 0        5 (  1%)
 1        7 (  1%)
 2      141 ( 19%)
 3       33 (  5%)
 4       67 (  9%)
 5       56 (  8%)
 6      124 ( 17%)
 7      100 ( 14%)
 8       47 (  6%)
 9      151 ( 21%)

